LINC00467	1.4975210749567	0.000346007521503778	0.000743804134659491	1
TMEM99	1.08153702923432	0.00332198481300872	0.00617485599522544	1
FAM87A	1.38735470013895	8.10762321378473e-08	3.53067382192671e-06	1
MIR22HG	1.05761132806677	0.00488189341330121	0.00879267069523213	1
C1RL-AS1	1.58211088873038	0.000319975197026501	0.000691490763807724	1
MEG3	2.4187154578263	0.00380424092498901	0.0069919247625458	1
DNAJC27-AS1	4.93475883162959	0.00112946581073385	0.0022677994030293	1
AP000704.1	1.51024150408487	0.00484836137013973	0.00873698599018098	1
SATB2-AS1	1.67271458177406	0.000976799008590756	0.00197742623209221	1
SGMS1-AS1	2.1160938232132	0.0033626306026373	0.00624577545121885	1
SMIM2-AS1	2.30726279989139	1.94734148323158e-06	7.36445937117093e-06	1
LINC01483	2.00355783592804	1.52386761971475e-07	3.53067382192671e-06	1
EPHA1-AS1	2.70552035545876	4.1139423083616e-07	3.53067382192671e-06	1
EMX2OS	1.87063075541237	3.44948442153407e-06	1.26779555026377e-05	1
FAM41C	1.12811584044355	0.000639959671954903	0.00133123085147193	1
DNM3OS	1.71400310106752	1.36245264845631e-07	3.53067382192671e-06	1
LEF1-AS1	1.93276565568326	2.15824101146423e-07	3.53067382192671e-06	1
AF165147.1	1.70322956412804	9.64817373081717e-07	3.77344772224937e-06	1
AL591368.1	1.02010873716835	1.05824060714611e-08	3.53067382192671e-06	1
AC009264.1	1.17393911188385	0.00323608471024971	0.00602949632059164	1
VLDLR-AS1	1.76999854257792	0.00420072666547543	0.00766582529509195	1
LINC01829	1.02893963218546	0.00556198062503021	0.00990614777561079	1
CLCA4-AS1	1.00159984662588	6.07832210812701e-07	3.53067382192671e-06	1
MAP3K20-AS1	1.41736912897828	2.46407926117196e-07	3.53067382192671e-06	1
LINC00877	1.26320302505858	0.0036503610752263	0.0067335479532861	1
LINC02453	2.12163994942551	0.000600654622381707	0.00125394470188508	1
NEAT1	2.29099160775832	4.08957037586053e-05	0.000106403127702898	1
LACTB2-AS1	1.02786996220923	6.76968461028326e-06	2.39872523261585e-05	1
OTX2-AS1	1.62868432535872	4.7668303221532e-06	1.72042484927712e-05	1
TMEM132D-AS1	2.02511173985795	5.64074391777849e-08	3.53067382192671e-06	1
AC114316.1	1.2208982893197	1.07684808393958e-07	3.53067382192671e-06	1
LINC02762	1.31608549955749	0.000199899410516766	0.000442256269983331	1
LINC02389	1.15459414977793	1.13621212358819e-06	4.41176671180837e-06	1
AC087477.2	1.17656277557549	1.90892114172661e-06	7.22079566130137e-06	1
AC019294.2	1.13498758161023	0.00193031382844476	0.00373427442442938	1
AC138627.1	1.60111606620596	0.000101308390104512	0.000230681040548701	1
AC139099.1	1.54065579144775	0.00114041850726768	0.0022867679024797	1
AP005263.1	2.80807256443441	0.000676044383185854	0.00140146609300665	1
AC092296.2	1.03135601289444	8.02922047663974e-07	3.53067382192671e-06	1
MZF1-AS1	1.58090410499924	0.00358290018626706	0.00662348930207458	1
AC097376.3	1.0602801110507	0.00513146736959672	0.00920479799712507	1
AC021752.1	2.54234357368537	0.00434702906054869	0.00790690149983461	1
AC005520.5	3.65093568446732	0.00166706938797779	0.00325885051296747	1
GTSE1-DT	1.50650171690136	0.00539007133093993	0.00962596413553402	1
AL451081.1	-5.95442854321746	1.3597905393046e-05	4.61057572834363e-05	-1
TAB3-AS1	-5.95442854321746	1.3597905393046e-05	4.61057572834363e-05	-1
AC091180.4	-5.95442854321746	1.3597905393046e-05	4.61057572834363e-05	-1
LINC02041	-5.91744478638846	1.29382145707295e-05	4.40059080642768e-05	-1
AL365258.1	-5.88186633686622	1.23284294241761e-05	4.20174200351807e-05	-1
AC025254.1	-5.88186633686622	1.23284294241761e-05	4.20174200351807e-05	-1
AC005884.2	-5.88186633686622	1.23284294241761e-05	4.20174200351807e-05	-1
AC243829.5	-5.88186633686622	1.23284294241761e-05	4.20174200351807e-05	-1
AC008641.1	-5.8440001416321	1.23206809836613e-05	4.20174200351807e-05	-1
AC089999.1	-5.8440001416321	1.23206809836613e-05	4.20174200351807e-05	-1
AC112491.1	-5.8440001416321	1.23206809836613e-05	4.20174200351807e-05	-1
AC006064.5	-5.8440001416321	1.23206809836613e-05	4.20174200351807e-05	-1
AC068544.2	-5.8440001416321	1.23206809836613e-05	4.20174200351807e-05	-1
AC005006.1	-5.80758780353667	1.11726143379824e-05	3.82995569058288e-05	-1
AC016553.1	-5.80758780353667	1.11726143379824e-05	3.82995569058288e-05	-1
AC087442.1	-5.80758780353667	1.11726143379824e-05	3.82995569058288e-05	-1
AC120498.2	-5.80758780353667	1.11726143379824e-05	3.82995569058288e-05	-1
AC092296.4	-5.80758780353667	1.11726143379824e-05	3.82995569058288e-05	-1
AC104971.3	-5.80758780353667	1.11726143379824e-05	3.82995569058288e-05	-1
AC012409.4	-5.80758780353667	1.11726143379824e-05	3.82995569058288e-05	-1
AC234771.1	-5.76915974456126	1.06284843655829e-05	3.65818959239497e-05	-1
AL592182.1	-5.76915974456126	1.06284843655829e-05	3.65818959239497e-05	-1
ZMYND10-AS1	-5.76915974456126	1.06284843655829e-05	3.65818959239497e-05	-1
AC011474.3	-5.76915974456126	1.06284843655829e-05	3.65818959239497e-05	-1
AC067747.1	-5.76915974456126	1.06284843655829e-05	3.65818959239497e-05	-1
AC092567.1	-5.728952624606	1.06090823576502e-05	3.65818959239497e-05	-1
AC139426.2	-5.728952624606	1.06090823576502e-05	3.65818959239497e-05	-1
AL353600.1	-5.728952624606	1.06090823576502e-05	3.65818959239497e-05	-1
AC068580.1	-5.6934947746691	1.01224441914214e-05	3.50062480502379e-05	-1
AC012574.1	-5.6934947746691	1.01224441914214e-05	3.50062480502379e-05	-1
AC011131.1	-5.6934947746691	1.01224441914214e-05	3.50062480502379e-05	-1
AP005436.2	-5.6934947746691	1.01224441914214e-05	3.50062480502379e-05	-1
AC008569.1	-5.6934947746691	1.01224441914214e-05	3.50062480502379e-05	-1
AC009276.1	-5.65321530970818	9.62175914914012e-06	3.34012781765704e-05	-1
AC074131.1	-5.65321530970818	9.62175914914012e-06	3.34012781765704e-05	-1
AL357315.1	-5.60863719295151	9.11571177332773e-06	3.17611522957235e-05	-1
AC011998.3	-5.60863719295151	9.11571177332773e-06	3.17611522957235e-05	-1
AC004930.1	-5.60863719295151	9.11571177332773e-06	3.17611522957235e-05	-1
AC063919.1	-5.60863719295151	9.11571177332773e-06	3.17611522957235e-05	-1
AL160262.1	-5.60863719295151	9.11571177332773e-06	3.17611522957235e-05	-1
AC078962.4	-5.60863719295151	9.11571177332773e-06	3.17611522957235e-05	-1
AC131274.1	-5.60863719295151	9.11571177332773e-06	3.17611522957235e-05	-1
AC009248.2	-5.60863719295151	9.11571177332773e-06	3.17611522957235e-05	-1
AC092807.1	-5.56877947223001	8.25458056060524e-06	2.88852691999286e-05	-1
